   6.7853743e-01  -1.3331836e+00   2.5827432e+00  -1.4569397e+00   7.8608994e+00  -1.4461222e+00   2.2759399e+00  -1.2923024e+00   2.0858953e+00  -1.4033407e+00   1.4543771e+00  -9.9656856e-01   9.0351982e+00  -6.0277253e-01   9.7018414e+00  -4.4179025e-01
   8.2337183e+00  -1.2562497e+00   1.4355178e+01  -1.3815063e+00   2.0195797e+01  -1.3813866e+00   1.2619732e+01  -1.2534833e+00   1.4948274e+01  -1.3546159e+00   7.3360996e+00  -9.7288993e-01   1.3235458e+01  -5.7777653e-01   1.3307228e+01  -4.1978078e-01
   1.2806065e+01  -1.1740329e+00   2.1659123e+01  -1.3007068e+00   2.8210251e+01  -1.3072794e+00   2.0628647e+01  -1.2096258e+00   2.5179651e+01  -1.3007340e+00   1.2954343e+01  -9.4676171e-01   1.7435718e+01  -5.5278052e-01   1.6912614e+01  -3.9777130e-01
   1.5337445e+01  -1.0873509e+00   2.5990535e+01  -1.2148590e+00   3.3081400e+01  -1.2266469e+00   2.6626219e+01  -1.1609674e+00   3.3200298e+01  -1.2406172e+00   1.8254593e+01  -9.1767711e-01   2.1246498e+01  -5.2357468e-01   2.0383056e+01  -3.7403681e-01
   1.6845879e+01  -9.9590624e-01   2.8347130e+01  -1.1240567e+00   3.6032691e+01  -1.1410624e+00   3.0797868e+01  -1.1069029e+00   3.9466110e+01  -1.1734656e+00   2.2953833e+01  -8.8338522e-01   2.5031312e+01  -4.9408818e-01   2.3646584e+01  -3.4765729e-01
   1.7777080e+01  -9.0100398e-01   2.9589907e+01  -1.0287491e+00   3.7901972e+01  -1.0510784e+00   3.3903102e+01  -1.0486691e+00   4.4362322e+01  -1.0991854e+00   2.7359313e+01  -8.4627945e-01   2.8406703e+01  -4.6145687e-01   2.6910111e+01  -3.2127778e-01
   1.8425666e+01  -8.0460595e-01   3.0359720e+01  -9.2905852e-01   3.9206489e+01  -9.5690458e-01   3.6255352e+01  -9.8654485e-01   4.8180631e+01  -1.0184222e+00   3.1351964e+01  -8.0511791e-01   3.1723605e+01  -4.2837629e-01   2.9860671e+01  -2.9197821e-01
   1.9023579e+01  -6.9736239e-01   3.0990556e+01  -8.2551804e-01   4.0244612e+01  -8.5888346e-01   3.8027092e+01  -9.2007009e-01   5.1156356e+01  -9.3224687e-01   3.4888900e+01  -7.5847692e-01   3.4658217e+01  -3.9321388e-01   3.2727772e+01  -2.6189996e-01
   1.9372963e+01  -5.9185527e-01   3.1670961e+01  -7.1870367e-01   4.1175638e+01  -7.5752226e-01   3.9503227e+01  -8.5019815e-01   5.3508405e+01  -8.4176148e-01   3.8197141e+01  -7.0884451e-01   3.7504608e+01  -3.5757106e-01   3.5518227e+01  -2.3128656e-01
   1.9939442e+01  -4.8401639e-01   3.2116766e+01  -6.0891200e-01   4.2063924e+01  -6.5332691e-01   4.0792233e+01  -7.7712899e-01   5.5447585e+01  -7.4785828e-01   4.1163857e+01  -6.5443760e-01   4.0028868e+01  -3.2071871e-01   3.7969246e+01  -1.9830320e-01
   2.0304082e+01  -3.7416936e-01   3.2391821e+01  -4.9667482e-01   4.2936819e+01  -5.4680325e-01   4.1954678e+01  -7.0051380e-01   5.7160150e+01  -6.5117863e-01   4.3848148e+01  -5.9612904e-01   4.2445751e+01  -2.8346319e-01   4.0420266e+01  -1.6531983e-01
   2.0763325e+01  -2.6259194e-01   3.2900767e+01  -3.8213003e-01   4.3831379e+01  -4.3835267e-01   4.3059879e+01  -6.2118248e-01   5.8791251e+01  -5.5218879e-01   4.6362499e+01  -5.3563651e-01   4.4616442e+01  -2.4551430e-01   4.2632826e+01  -1.3118691e-01
   2.1330365e+01  -1.5005821e-01   3.3485357e+01  -2.6609434e-01   4.4775195e+01  -3.2818911e-01   4.4130051e+01  -5.3935313e-01   6.0441930e+01  -4.5127751e-01   4.8590527e+01  -4.7197737e-01   4.6675228e+01  -2.0725025e-01   4.4671962e+01  -9.6217948e-02
   2.1811839e+01  -3.6916932e-02   3.3893883e+01  -1.4940527e-01   4.5774156e+01  -2.1661750e-01   4.5176322e+01  -4.5492435e-01   6.2177002e+01  -3.4882500e-01   5.0629850e+01  -4.0691964e-01   4.8560203e+01  -1.6843816e-01   4.6711098e+01  -6.1248988e-02
   2.2408248e+01   7.6479256e-02   3.4329429e+01  -3.1817872e-02   4.6835107e+01  -1.0426314e-01   4.6214753e+01  -3.6877720e-01   6.4035266e+01  -2.4523389e-01   5.2536877e+01  -3.4093881e-01   5.0340891e+01  -1.2929726e-01   4.8362069e+01  -2.5387625e-02
   2.2955576e+01   1.8998196e-01   3.5038213e+01   8.6262458e-02   4.7961103e+01   8.1819725e-03   4.7256271e+01  -2.8136015e-01   6.6036657e+01  -1.4092949e-01   5.4218819e+01  -2.7396725e-01   5.1999324e+01  -8.9558956e-02   5.0002550e+01   1.0497856e-02
   2.3719067e+01   3.0234221e-01   3.5595531e+01   2.0403824e-01   4.9141981e+01   1.2032471e-01   4.8316566e+01  -1.9297531e-01   6.8186094e+01  -3.6344855e-02   5.5808051e+01  -2.0678682e-01   5.3562672e+01  -4.9356016e-02   5.1498426e+01   4.6269152e-02
   2.4560187e+01   4.1387170e-01   3.6151564e+01   3.2063603e-01   5.0371477e+01   2.3193039e-01   4.9402868e+01  -1.0409563e-01   7.0475626e+01   6.8094183e-02   5.7315481e+01  -1.3942209e-01   5.5026491e+01  -8.5613368e-03   5.2746409e+01   8.1844704e-02
   2.5572431e+01   5.2363551e-01   3.6925388e+01   4.3595833e-01   5.1651679e+01   3.4262782e-01   5.0521442e+01  -1.4878921e-02   7.2886154e+01   1.7197585e-01   5.8715959e+01  -7.2054404e-02   5.6390782e+01   3.2825082e-02   5.3994392e+01   1.1742025e-01
   2.6989964e+01   6.3135704e-01   3.7938211e+01   5.4961163e-01   5.2993959e+01   4.5195483e-01   5.1682332e+01   7.4535770e-02   7.5389671e+01   2.7490187e-01   6.0087663e+01  -4.8266013e-03   5.7654782e+01   7.4600355e-02   5.4931408e+01   1.5174804e-01
   2.8794861e+01   7.3646024e-01   3.9261768e+01   6.6105372e-01   5.4427101e+01   5.5938173e-01   5.2874886e+01   1.6387071e-01   7.7953066e+01   3.7648468e-01   6.1424555e+01   6.2221293e-02   5.8789839e+01   1.1687558e-01   5.5771916e+01   1.8568858e-01
   3.1439231e+01   8.3869569e-01   4.1137894e+01   7.7011610e-01   5.6007499e+01   6.6432583e-01   5.4089798e+01   2.5281876e-01   8.0545460e+01   4.7634482e-01   6.2724709e+01   1.2864154e-01   5.9814666e+01   1.5918253e-01   5.6541164e+01   2.1917035e-01
   3.4918501e+01   9.3753504e-01   4.3833069e+01   8.7601288e-01   5.7879050e+01   7.6630953e-01   5.5313573e+01   3.4073362e-01   8.3151026e+01   5.7410840e-01   6.4004268e+01   1.9457794e-01   6.0655781e+01   2.0154234e-01   5.6930350e+01   2.5020535e-01
   3.9865949e+01   1.0328856e+00   4.8102970e+01   9.7673675e-01   6.0353439e+01   8.6497003e-01   5.6529940e+01   4.2725226e-01   8.5788287e+01   6.6940471e-01   6.5253124e+01   2.5973777e-01   6.1381010e+01   2.4357306e-01   5.7319535e+01   2.8124036e-01
   4.6545006e+01   1.1239282e+00   5.4313911e+01   1.0717954e+00   6.3929632e+01   9.6000354e-01   5.7727840e+01   5.1195395e-01   8.8533522e+01   7.6186687e-01   6.6441312e+01   3.2351272e-01   6.1851291e+01   2.8487975e-01   5.7420717e+01   3.1011221e-01
   5.6010582e+01   1.2101971e+00   6.4051063e+01   1.1727810e+00   6.9289389e+01   1.0511972e+00   5.8888220e+01   5.9404858e-01   9.1541757e+01   8.5113667e-01   6.7582212e+01   3.8635110e-01   6.2210493e+01   3.2562316e-01   5.7288752e+01   3.3723294e-01
   6.8831505e+01   1.2918794e+00   7.7940006e+01   1.2672570e+00   7.7250068e+01   1.1383185e+00   6.0007692e+01   6.7372708e-01   9.5055150e+01   9.3687171e-01   6.8627642e+01   4.4743880e-01   6.2236455e+01   3.6467675e-01   5.7156787e+01   3.6435366e-01
   8.4754331e+01   1.3681546e+00   9.6189748e+01   1.3520043e+00   8.8521643e+01   1.2209478e+00   6.1093132e+01   7.5079268e-01   9.9388726e+01   1.0187502e+00   6.9533662e+01   5.0646448e-01   6.2166685e+01   4.0310801e-01   5.6455256e+01   3.8720083e-01
   1.0341633e+02   1.4387285e+00   1.1804554e+02   1.4308468e+00   1.0345694e+02   1.2984509e+00   6.2194729e+01   8.2439073e-01   1.0488697e+02   1.0964694e+00   7.0336192e+01   5.6407350e-01   6.1682075e+01   4.3884258e-01   5.5722082e+01   4.0981058e-01
   1.2344855e+02   1.5034852e+00   1.4128673e+02   1.5035217e+00   1.2167393e+02   1.3703087e+00   6.3404326e+01   8.9482164e-01   1.1185216e+02   1.1697389e+00   7.0897736e+01   6.1873387e-01   6.1126114e+01   4.7405495e-01   5.4761170e+01   4.3080934e-01
   1.4245048e+02   1.5620829e+00   1.6376299e+02   1.5701563e+00   1.4187865e+02   1.4363725e+00   6.4834450e+01   9.6189076e-01   1.2045469e+02   1.2382730e+00   7.1225515e+01   6.7095930e-01   6.0070692e+01   5.0561190e-01   5.3362300e+01   4.4871005e-01
   1.5880892e+02   1.6136727e+00   1.8465731e+02   1.6304006e+00   1.6224837e+02   1.4966825e+00   6.6702375e+01   1.0246603e+00   1.3064509e+02   1.3017918e+00   7.1373127e+01   7.2134683e-01   5.8976387e+01   5.3686668e-01   5.1963430e+01   4.6661075e-01
   1.7364510e+02   1.6590563e+00   2.0559037e+02   1.6839610e+00   1.8125875e+02   1.5510140e+00   6.9067574e+01   1.0835814e+00   1.4209316e+02   1.3600339e+00   7.1065934e+01   7.6757873e-01   5.7298840e+01   5.6358880e-01   5.0058005e+01   4.8105704e-01
   1.8818561e+02   1.6974389e+00   2.3039500e+02   1.7307097e+00   1.9830873e+02   1.5990211e+00   7.2008202e+01   1.1384175e+00   1.5417699e+02   1.4127714e+00   7.0458206e+01   8.1132599e-01   5.5621292e+01   5.9031093e-01   4.7971667e+01   4.9426961e-01
   2.0271432e+02   1.7289157e+00   2.6515897e+02   1.7703841e+00   2.1369235e+02   1.6405496e+00   7.5653582e+01   1.1880734e+00   1.6603190e+02   1.4598148e+00   6.9568158e+01   8.5273919e-01   5.3289453e+01   6.1171109e-01   4.5799918e+01   5.0686715e-01
   2.1766164e+02   1.7535609e+00   3.1628028e+02   1.8031826e+00   2.2796791e+02   1.6754261e+00   7.9788378e+01   1.2332034e+00   1.7664972e+02   1.5010022e+00   6.8028775e+01   8.8914295e-01   5.0957614e+01   6.3311126e-01   4.3064454e+01   5.1540554e-01
   2.3122336e+02   1.7707416e+00   3.8252753e+02   1.8280051e+00   2.4110460e+02   1.7033728e+00   8.4218956e+01   1.2736207e+00   1.8500259e+02   1.5361797e+00   6.6155685e+01   9.2306522e-01   4.8013317e+01   6.4919585e-01   4.0328991e+01   5.2394393e-01
   2.3984467e+02   1.7804044e+00   4.4834167e+02   1.8451533e+00   2.5178650e+02   1.7242590e+00   8.8576378e+01   1.3081374e+00   1.9016072e+02   1.5651935e+00   6.3853999e+01   9.5380836e-01   4.5028189e+01   6.6492607e-01   3.7304277e+01   5.2995841e-01
   2.3829974e+02   1.7829211e+00   4.9014745e+02   1.8546454e+00   2.5711708e+02   1.7381300e+00   9.2396355e+01   1.3375756e+00   1.9138407e+02   1.5878998e+00   6.0861490e+01   9.7947597e-01   4.1511700e+01   6.7549045e-01   3.4019238e+01   5.3370136e-01
   2.1975297e+02   1.7789089e+00   4.8841410e+02   1.8566947e+00   2.5316781e+02   1.7449606e+00   9.5187126e+01   1.3618379e+00   1.8818453e+02   1.6041871e+00   5.7505677e+01   1.0024285e+00   3.7919302e+01   6.8531685e-01   3.0734199e+01   5.3744432e-01
   1.8869121e+02   1.7676707e+00   4.3465277e+02   1.8514792e+00   2.3679440e+02   1.7446086e+00   9.5997874e+01   1.3798327e+00   1.8036732e+02   1.6139920e+00   5.3608034e+01   1.0213063e+00   3.3911445e+01   6.9023564e-01   2.7078602e+01   5.3655523e-01
   1.5753648e+02   1.7496034e+00   3.4130421e+02   1.8390182e+00   2.0811234e+02   1.7370387e+00   9.4581258e+01   1.3926628e+00   1.6805868e+02   1.6173011e+00   4.9099621e+01   1.0352839e+00   2.9807713e+01   6.9402190e-01   2.3391243e+01   5.3526911e-01
   1.3316436e+02   1.7246522e+00   2.3863307e+02   1.8194938e+00   1.7163046e+02   1.7223958e+00   9.0596382e+01   1.4004812e+00   1.5171601e+02   1.6141419e+00   4.4255096e+01   1.0463902e+00   2.5426633e+01   6.9324387e-01   1.9631745e+01   5.3232362e-01
   1.1362768e+02   1.6928973e+00   1.5797110e+02   1.7932682e+00   1.3430855e+02   1.7009016e+00   8.3424861e+01   1.4025881e+00   1.3210663e+02   1.6045747e+00   3.8871258e+01   1.0525986e+00   2.0953102e+01   6.9094442e-01   1.5715949e+01   5.2578283e-01
   9.5118112e+01   1.6547301e+00   1.1099739e+02   1.7597996e+00   1.0165801e+02   1.6728850e+00   7.3804733e+01   1.4001549e+00   1.1024379e+02   1.5887018e+00   3.3098276e+01   1.0543993e+00   1.6344817e+01   6.8449326e-01   1.1800152e+01   5.1924204e-01
   7.6082418e+01   1.6098568e+00   8.5302530e+01   1.7195496e+00   7.5359974e+01   1.6391507e+00   6.2034088e+01   1.3932105e+00   8.7283199e+01   1.5667020e+00   2.7096909e+01   1.0533118e+00   1.1675278e+01   6.7615497e-01   7.8488124e+00   5.0890294e-01
   5.5836191e+01   1.5585566e+00   6.5254279e+01   1.6726647e+00   5.4073397e+01   1.6016169e+00   4.8158316e+01   1.3805472e+00   6.4398821e+01   1.5388847e+00   2.0780814e+01   1.0468173e+00   6.9995746e+00   6.6413636e-01   3.8829927e+00   4.9701639e-01
   3.5209751e+01   1.5016166e+00   4.5004848e+01   1.6188287e+00   3.5419882e+01   1.5626668e+00   3.3157575e+01   1.3626724e+00   4.2661307e+01   1.5057201e+00   1.4394921e+01   1.0367365e+00   2.3201723e+00   6.4990956e-01  -7.0886241e-02   4.8457941e-01
   1.7810690e+01   1.4385368e+00   2.4275657e+01   1.5586744e+00   1.7369328e+01   1.5217813e+00   1.7956219e+01   1.3392544e+00   2.2934041e+01   1.4677740e+00   7.9683856e+00   1.0239345e+00  -2.2656476e+00   6.3252730e-01  -3.9232683e+00   4.6746374e-01
   4.5654775e+00   1.3696818e+00   5.3343734e+00   1.4924399e+00  -7.0037120e-02   1.4740819e+00   4.0820465e+00   1.3090633e+00   5.7933711e+00   1.4255041e+00   1.6865438e+00   1.0056905e+00  -6.7786814e+00   6.1269079e-01  -7.7756503e+00   4.5034808e-01
  -4.9224137e+00   1.2952667e+00  -9.1257661e+00   1.4199138e+00  -1.4603135e+01   1.4151239e+00  -7.6895752e+00   1.2734048e+00  -8.5170848e+00   1.3789783e+00  -4.3952383e+00   9.8472924e-01  -1.1135328e+01   5.9027453e-01  -1.1504535e+01   4.3078552e-01
  -1.0818040e+01   1.2157740e+00  -1.8459966e+01   1.3417569e+00  -2.4683394e+01   1.3453032e+00  -1.7066410e+01   1.2325379e+00  -2.0077525e+01   1.3277015e+00  -1.0276961e+01   9.6105061e-01  -1.5335588e+01   5.6527852e-01  -1.5109921e+01   4.0877604e-01
  -1.4270237e+01   1.1312220e+00  -2.4124451e+01   1.2584061e+00  -3.0953634e+01   1.2676485e+00  -2.3815250e+01   1.1857689e+00  -2.9212720e+01   1.2707400e+00  -1.5604468e+01   9.3221941e-01  -1.9354091e+01   5.3831793e-01  -1.8715308e+01   3.8676657e-01
  -1.6209464e+01   1.0420879e+00  -2.7365503e+01   1.1700535e+00  -3.4735893e+01   1.1844235e+00  -2.8830214e+01   1.1343619e+00  -3.6360193e+01   1.2071505e+00  -2.0635300e+01   9.0080051e-01  -2.3138905e+01   5.0883143e-01  -2.2014820e+01   3.6084705e-01
  -1.7327195e+01   9.4898075e-01  -2.9048773e+01   1.0769451e+00  -3.7063961e+01   1.0966065e+00  -3.2529182e+01   1.0785903e+00  -4.1942208e+01   1.1364725e+00  -2.5272366e+01   8.6596993e-01  -2.6748252e+01   4.7799715e-01  -2.5278348e+01   3.3446754e-01
  -1.8103503e+01   8.5271960e-01  -3.0017747e+01   9.7943964e-01  -3.8602190e+01   1.0044997e+00  -3.5145158e+01   1.0179873e+00  -4.6298947e+01   1.0589702e+00  -2.9355638e+01   8.2569868e-01  -3.0065154e+01   4.4491658e-01  -2.8427120e+01   3.0701733e-01
  -1.8754959e+01   7.5063469e-01  -3.0668561e+01   8.7771740e-01  -3.9746243e+01   9.0834448e-01  -3.7174953e+01   9.5365365e-01  -4.9694177e+01   9.7550019e-01  -3.3173014e+01   7.8242966e-01  -3.3235021e+01   4.1103530e-01  -3.1294221e+01   2.7693909e-01
  -1.9199291e+01   6.4498261e-01  -3.1334600e+01   7.7250847e-01  -4.0717764e+01   8.0858820e-01  -3.8811768e+01   8.8579416e-01  -5.2354392e+01   8.8715721e-01  -3.6604786e+01   7.3452419e-01  -3.6081412e+01   3.7539247e-01  -3.4161323e+01   2.4686084e-01
  -1.9655064e+01   5.3807850e-01  -3.1944692e+01   6.6413823e-01  -4.1623408e+01   7.0574726e-01  -4.0163382e+01   8.1397643e-01  -5.4494388e+01   7.9494818e-01  -3.9680499e+01   6.8164106e-01  -3.8820426e+01   3.3934647e-01  -3.6743736e+01   2.1479488e-01
  -2.0125756e+01   4.2935935e-01  -3.2235279e+01   5.5309532e-01  -4.2500233e+01   6.0032602e-01  -4.1380093e+01   7.3909984e-01  -5.6313667e+01   6.9964485e-01  -4.2561259e+01   6.2604669e-01  -4.1237309e+01   3.0209095e-01  -3.9194756e+01   1.8181151e-01
  -2.0523858e+01   3.1871911e-01  -3.2620209e+01   4.3965831e-01  -4.3379012e+01   4.9280281e-01  -4.2515987e+01   6.6137087e-01  -5.7979215e+01   6.0180061e-01  -4.5135036e+01   5.6621139e-01  -4.3587049e+01   2.6464633e-01  -4.1613259e+01   1.4867139e-01
  -2.1032781e+01   2.0638948e-01  -3.3201556e+01   3.2422580e-01  -4.4296517e+01   3.8347274e-01  -4.3597900e+01   5.8050990e-01  -5.9614909e+01   5.0183984e-01  -4.7476513e+01   5.0380694e-01  -4.5645835e+01   2.2638227e-01  -4.3652394e+01   1.1370243e-01
  -2.1541487e+01   9.3587594e-02  -3.3718359e+01   2.0783021e-01  -4.5267534e+01   2.7254719e-01  -4.4654322e+01   4.9732532e-01  -6.1303813e+01   4.0014390e-01  -4.9666800e+01   4.3986808e-01  -4.7669859e+01   1.8800861e-01  -4.5691530e+01   7.8733468e-02
  -2.2082801e+01  -1.9756447e-02  -3.4072135e+01   9.0732200e-02  -4.6296324e+01   1.6049068e-01  -4.5696049e+01   4.1215020e-01  -6.3097578e+01   2.9710235e-01  -5.1592901e+01   3.7397120e-01  -4.9450547e+01   1.4886771e-01  -4.7541829e+01   4.3330366e-02
  -2.2693407e+01  -1.3330175e-01  -3.4675248e+01  -2.7216473e-02  -4.7390457e+01   4.8019060e-02  -4.6734828e+01   3.2518051e-01  -6.5025460e+01   1.9312898e-01  -5.3377848e+01   3.0745303e-01  -5.1217651e+01   1.0966043e-01  -4.9182310e+01   7.4448847e-03
  -2.3354569e+01  -2.4625459e-01  -3.5342982e+01  -1.4524091e-01  -4.8545344e+01  -6.4304541e-02  -4.7784063e+01   2.3722328e-01  -6.7099896e+01   8.8653947e-02  -5.5054336e+01   2.4046919e-01  -5.2780998e+01   6.9457486e-02  -5.0822790e+01  -2.8440596e-02
  -2.4101192e+01  -3.5825794e-01  -3.5852207e+01  -2.6252350e-01  -4.9750643e+01  -1.7621395e-01  -4.8853783e+01   1.4861624e-01  -6.9319433e+01  -1.5892142e-02  -5.6561766e+01   1.7310446e-01  -5.4344345e+01   2.9254546e-02  -5.2122417e+01  -6.4056928e-02
  -2.5039023e+01  -4.6893874e-01  -3.6508513e+01  -3.7844758e-01  -5.1004874e+01  -2.8742081e-01  -4.9958754e+01   5.9516522e-02  -7.1670592e+01  -1.2008984e-01  -5.8016569e+01   1.0573827e-01  -5.5708636e+01  -1.2131873e-02  -5.3370400e+01  -9.9632479e-02
  -2.6219933e+01  -5.7789509e-01  -3.7400651e+01  -4.9305143e-01  -5.2313692e+01  -3.9749320e-01  -5.1098481e+01  -2.9827503e-02  -7.4129768e+01  -2.2353403e-01  -5.9415350e+01   3.8370538e-02  -5.7072927e+01  -5.3518292e-02  -5.4511153e+01  -1.3477776e-01
  -2.7892051e+01  -6.8427073e-01  -3.8549659e+01  -6.0560835e-01  -5.3696645e+01  -5.0594284e-01  -5.2272995e+01  -1.1924588e-01  -7.6666127e+01  -3.2583191e-01  -6.0756109e+01  -2.8697346e-02  -5.8222310e+01  -9.5737968e-02  -5.5351662e+01  -1.6871831e-01
  -2.9951258e+01  -7.8805288e-01  -4.0114485e+01  -7.1592090e-01  -5.5193083e+01  -6.1219768e-01  -5.3480487e+01  -2.0839500e-01  -7.9246889e+01  -4.2660006e-01  -6.2076888e+01  -9.5469959e-02  -5.9357367e+01  -1.3801319e-01  -5.6192171e+01  -2.0265885e-01
  -3.3022859e+01  -8.8850597e-01  -4.2345507e+01  -8.2353255e-01  -5.6891890e+01  -7.1571194e-01  -5.4702044e+01  -2.9690061e-01  -8.1847094e+01  -5.2546196e-01  -6.3372530e+01  -1.6181313e-01  -6.0235224e+01  -1.8036244e-01  -5.6735757e+01  -2.3468785e-01
  -3.7246891e+01  -9.8572839e-01  -4.5741369e+01  -9.2726686e-01  -5.9013971e+01  -8.1607581e-01  -5.5924385e+01  -3.8431779e-01  -8.4465402e+01  -6.2204553e-01  -6.4628696e+01  -2.2715786e-01  -6.1076338e+01  -2.2272225e-01  -5.7124942e+01  -2.6572286e-01
  -4.2949839e+01  -1.0789652e+00  -5.0904370e+01  -1.0243133e+00  -6.1965559e+01  -9.1295549e-01  -5.7131092e+01  -4.6979765e-01  -8.7145653e+01  -7.1598174e-01  -6.5854950e+01  -2.9180175e-01  -6.1616151e+01  -2.6422640e-01  -5.7486699e+01  -2.9655185e-01
  -5.0850456e+01  -1.1676341e+00  -5.8644649e+01  -1.1216197e+00  -6.6335740e+01  -1.0060938e+00  -5.8312036e+01  -5.5323680e-01  -8.9999938e+01  -8.0690725e-01  -6.7027673e+01  -3.5522369e-01  -6.2086432e+01  -3.0553309e-01  -5.7354734e+01  -3.2367257e-01
  -6.1983685e+01  -1.2517101e+00  -7.0480450e+01  -1.2216876e+00  -7.2896403e+01  -1.0952844e+00  -5.9456394e+01  -6.3438928e-01  -9.3224866e+01  -8.9447060e-01  -6.8104927e+01  -4.1689495e-01  -6.2223474e+01  -3.4514995e-01  -5.7222769e+01  -3.5079330e-01
  -7.6423906e+01  -1.3307079e+00  -8.6512591e+01  -1.3104264e+00  -8.2437044e+01  -1.1802330e+00  -6.0553271e+01  -7.1252821e-01  -9.7100423e+01  -9.7833884e-01  -6.9110083e+01  -4.7738695e-01  -6.2249436e+01  -3.8420354e-01  -5.6821843e+01  -3.7589596e-01
  -9.3815839e+01  -1.4042722e+00  -1.0679417e+02  -1.3921747e+00  -9.5533923e+01  -1.2603793e+00  -6.1636602e+01  -7.8790138e-01  -1.0196261e+02  -1.0581999e+00  -6.9957241e+01  -5.3554201e-01  -6.1924380e+01  -4.2097530e-01  -5.6088669e+01  -3.9850571e-01
  -1.1343466e+02  -1.4717275e+00  -1.2964460e+02  -1.4679529e+00  -1.1221591e+02  -1.3351044e+00  -6.2767513e+01  -8.6026073e-01  -1.0814627e+02  -1.1337581e+00  -7.0616964e+01  -5.9140368e-01  -6.1439770e+01  -4.5670986e-01  -5.5355495e+01  -4.2111546e-01
  -1.3323217e+02  -1.5336206e+00  -1.5271210e+02  -1.5375883e+00  -1.3163824e+02  -1.4040604e+00  -6.4093305e+01  -9.2869832e-01  -1.1590319e+02  -1.2047263e+00  -7.1136550e+01  -6.4562702e-01  -6.0598403e+01  -4.8983342e-01  -5.4061735e+01  -4.3975970e-01
  -1.5091750e+02  -1.5886117e+00  -1.7437556e+02  -1.6011198e+00  -1.5215514e+02  -1.4672523e+00  -6.5721931e+01  -9.9365213e-01  -1.2531002e+02  -1.2708209e+00  -7.1314481e+01  -6.9629159e-01  -5.9542981e+01  -5.2139038e-01  -5.2662865e+01  -4.5766040e-01
  -1.6631513e+02  -1.6374038e+00  -1.9491567e+02  -1.6580055e+00  -1.7198589e+02  -1.5246205e+00  -6.7775780e+01  -1.0549152e+00  -1.3618916e+02  -1.3317688e+00  -7.1219530e+01  -7.4446278e-01  -5.8137613e+01  -5.5022774e-01  -5.1101174e+01  -4.7445076e-01
  -1.8096646e+02  -1.6789533e+00  -2.1720378e+02  -1.7082190e+00  -1.9002623e+02  -1.5758216e+00  -7.0478381e+01  -1.1114155e+00  -1.4806821e+02  -1.3873222e+00  -7.0903230e+01  -7.9061939e-01  -5.6460066e+01  -5.7694987e-01  -4.9014836e+01  -4.8766333e-01
  -1.9534984e+02  -1.7139599e+00  -2.4608347e+02  -1.7513874e+00  -2.0617006e+02  -1.6206019e+00  -7.3776924e+01  -1.1636919e+00  -1.6019650e+02  -1.4372717e+00  -7.0013182e+01  -8.3203259e-01  -5.4455373e+01  -6.0101101e-01  -4.6928498e+01  -5.0087589e-01
  -2.1024740e+02  -1.7421825e+00  -2.8844660e+02  -1.7877039e+00  -2.2094723e+02  -1.6588370e+00  -7.7638176e+01  -1.2115619e+00  -1.7162050e+02  -1.4814441e+00  -6.8808940e+01  -8.7102187e-01  -5.2123534e+01  -6.2241118e-01  -4.4432186e+01  -5.1113635e-01
  -2.2482422e+02  -1.7630402e+00  -3.4815801e+02  -1.8166188e+00  -2.3472463e+02  -1.6902798e+00  -8.1981972e+01  -1.2538897e+00  -1.8129992e+02  -1.5196850e+00  -6.7248610e+01  -9.0726403e-01  -4.9505881e+01  -6.4133074e-01  -4.1696723e+01  -5.1967474e-01
  -2.3642917e+02  -1.7764833e+00  -4.1690752e+02  -1.8374913e+00  -2.4689716e+02  -1.7146971e+00  -8.6435880e+01  -1.2913831e+00  -1.8823407e+02  -1.5518408e+00  -6.5004842e+01  -9.3843679e-01  -4.6520753e+01  -6.5706096e-01  -3.8946797e+01  -5.2808693e-01
  -2.4079762e+02  -1.7825667e+00  -4.7364595e+02  -1.8508725e+00  -2.5535696e+02  -1.7320687e+00  -9.0640450e+01  -1.3238835e+00  -1.9157000e+02  -1.5777595e+00  -6.2407089e+01  -9.6700471e-01  -4.3307899e+01  -6.7057725e-01  -3.5661757e+01  -5.3182989e-01
  -2.3124828e+02  -1.7817440e+00  -4.9563541e+02  -1.8565694e+00  -2.5654682e+02  -1.7424338e+00  -9.3911914e+01  -1.3502270e+00  -1.9067972e+02  -1.5973081e+00  -5.9315891e+01  -9.9194724e-01  -3.9715501e+01  -6.8040365e-01  -3.2376718e+01  -5.3557284e-01
  -2.0502931e+02  -1.7739944e+00  -4.6781468e+02  -1.8550003e+00  -2.4662923e+02  -1.7456895e+00  -9.5801043e+01  -1.3713557e+00  -1.8521022e+02  -1.6103961e+00  -5.5556856e+01  -1.0118674e+00  -3.5963311e+01  -6.8834251e-01  -2.8922281e+01  -5.3719829e-01
  -1.7245249e+02  -1.7596103e+00  -3.9129658e+02  -1.8461479e+00  -2.2380669e+02  -1.7417199e+00  -9.5777618e+01  -1.3872690e+00  -1.7511743e+02  -1.6169854e+00  -5.1439335e+01  -1.0289811e+00  -3.1859579e+01  -6.9212877e-01  -2.5234922e+01  -5.3591217e-01
  -1.4447855e+02  -1.7379222e+00  -2.8891775e+02  -1.8301047e+00  -1.9042490e+02  -1.7305884e+00  -9.2854179e+01  -1.3970669e+00  -1.6068762e+02  -1.6170848e+00  -4.6759907e+01  -1.0415867e+00  -2.7663398e+01  -6.9439360e-01  -2.1547563e+01  -5.3462605e-01
  -1.2309900e+02  -1.7096656e+00  -1.9417097e+02  -1.8072472e+00  -1.5265232e+02  -1.7124892e+00  -8.7265027e+01  -1.4019926e+00  -1.4253613e+02  -1.6107388e+00  -4.1563177e+01  -1.0494944e+00  -2.3189868e+01  -6.9209415e-01  -1.7673847e+01  -5.2905323e-01
  -1.0430131e+02  -1.6746982e+00  -1.3065263e+02  -1.7774409e+00  -1.1720027e+02  -1.6876769e+00  -7.9075882e+01  -1.4022678e+00  -1.2156762e+02  -1.5980239e+00  -3.6073209e+01  -1.0545007e+00  -1.8679586e+01  -6.8866241e-01  -1.3758050e+01  -5.2251243e-01
  -8.5731773e+01  -1.6331408e+00  -9.6678386e+01  -1.7404765e+00  -8.7753350e+01  -1.6566443e+00  -6.8124135e+01  -1.3971358e+00  -9.8890987e+01  -1.5790689e+00  -3.0123342e+01  -1.0542980e+00  -1.4010047e+01  -6.8032412e-01  -9.8317223e+00  -5.1484622e-01
  -6.6176373e+01  -1.5848241e+00  -7.5142238e+01  -1.6969831e+00  -6.4232792e+01  -1.6206917e+00  -5.5234372e+01  -1.3873867e+00  -7.5700407e+01  -1.5541023e+00  -2.3938861e+01  -1.0500645e+00  -9.3392757e+00  -6.7124976e-01  -5.8659025e+00  -5.0295966e-01
  -4.5276479e+01  -1.5308225e+00  -5.5247175e+01  -1.6465948e+00  -4.4568896e+01  -1.5822362e+00  -4.0805920e+01  -1.3726922e+00  -5.3147177e+01  -1.5235097e+00  -1.7611746e+01  -1.0430037e+00  -4.6598734e+00  -6.5702296e-01  -1.9000828e+00  -4.9107311e-01
  -2.5994254e+01  -1.4708568e+00  -3.4599144e+01  -1.5894903e+00  -2.6387783e+01  -1.5426999e+00  -2.5541008e+01  -1.3515264e+00  -3.2224240e+01  -1.4878377e+00  -1.1178095e+01  -1.0304693e+00   9.1307958e-03  -6.4244556e-01   1.9970773e+00  -4.7602157e-01
  -1.0706215e+01  -1.4048778e+00  -1.4392706e+01  -1.5263537e+00  -8.4578597e+00  -1.4991495e+00  -1.0826099e+01  -1.3247139e+00  -1.3672638e+01  -1.4476674e+00  -4.8274647e+00  -1.0148125e+00   4.5221645e+00  -6.2260905e-01   5.8494593e+00  -4.5890591e-01
   6.7853743e-01  -1.3331836e+00   2.5827432e+00  -1.4569397e+00   7.8608994e+00  -1.4461222e+00   2.2759399e+00  -1.2923024e+00   2.0858953e+00  -1.4033407e+00   1.4543771e+00  -9.9656856e-01   9.0351982e+00  -6.0277253e-01   9.7018414e+00  -4.4179025e-01
